default_name
   882
  12.5790000  -6.6400000  11.3760000  12.2971258  -7.5249567  10.9791380
  12.0647995  -6.4897179  12.2322205  13.5878382  -6.5916020  11.3776590
  12.1390000  -5.5680000  10.4640000  11.4382871  -4.9570784  11.0331006
  13.1900000  -4.6720000   9.8780000  12.6953653  -3.7026337   9.8166427
  13.9584465  -4.6389672  10.6503334  13.8200000  -4.9930000   8.5630000
  14.5497939  -5.7759434   8.7691586  13.0194126  -5.3972514   7.9435303
  14.4780000  -3.8840000   7.8520000  15.0443942  -4.3418730   7.0410445
  13.6746829  -3.2763023   7.4354851  15.3470000  -3.0420000   8.5950000
  14.8037950  -2.2031324   8.7410442  16.5550000  -3.0970000   9.0910000
  17.4000000  -4.1290000   9.0050000  17.1193062  -4.9683671   8.5184058
  18.3153615  -4.0647562   9.4270020  17.0420000  -2.0280000   9.7500000
  16.4727877  -1.2001388   9.8536492  17.9741822  -2.0591149  10.1375138
  11.3040000  -6.2590000   9.3660000  11.7240000  -7.2300000   8.7570000
  10.0990000  -5.7240000   9.1930000   9.5780000  -4.5630000   9.9140000
   9.9652050  -3.6422589   9.4776420   9.8608597  -4.6131527  10.9654628
   8.0760000  -4.7220000   9.7080000   7.5997348  -3.7416770   9.7234077
   7.6616555  -5.3392352  10.5051453   7.9150000  -5.3810000   8.3910000
   7.8567836  -4.6194223   7.6133694   7.0213047  -6.0040585   8.3562668
   9.1660000  -6.2470000   8.1810000   8.9737901  -7.2936925   8.4167721
   9.7000000  -6.1390000   6.7740000  10.4280000  -5.1880000   6.3890000
   9.3240000  -7.0610000   5.8990000   8.7086915  -7.8139567   6.1720403
   9.8050000  -7.0200000   4.4990000  10.8909896  -7.1096823   4.4728701
   9.1930000  -8.1930000   3.6990000   8.1262549  -8.2238144   3.9208213
   9.3373349  -7.9787902   2.6400469   9.8140000  -9.5270000   4.0310000
   9.2360000 -10.5700000   3.6380000  10.8920000  -9.5100000   4.6910000
   9.4430000  -5.7260000   3.7810000  10.0770000  -5.3130000   2.8020000
   8.3090000  -5.1480000   4.2180000   7.7084181  -5.5688954   4.9124407
   7.8160000  -3.9590000   3.4940000   7.8294428  -4.1607126   2.4229115
   6.4100000  -3.6030000   3.8990000   5.9369171  -2.9211239   3.1923624
   5.8580093  -4.5426278   3.9214942   6.2620000  -2.9910000   5.2440000
   6.7180000  -1.6690000   5.4510000   7.1582116  -1.1106712   4.6248145
   6.6050000  -1.0770000   6.7140000   7.0325075  -0.0928561   6.9058301
   5.9380000  -1.7580000   7.7320000   5.8236203  -1.2749428   8.7023983
   5.4130000  -3.0570000   7.5210000   4.8662020  -3.5838133   8.3030357
   5.6100000  -3.6640000   6.2730000   5.2504313  -4.6778635   6.0972414
   8.8000000  -2.8110000   3.5700000   8.7560000  -1.8850000   2.7670000
   9.6680000  -2.9010000   4.5580000   9.6232562  -3.6495879   5.2345452
  10.6950000  -1.8370000   4.7480000  10.2425401  -0.8463226   4.7920164
  11.3830000  -2.1190000   6.0820000  11.8094557  -3.1219941   6.0665851
  12.1768238  -1.3896721   6.2433213  10.4500000  -2.0440000   7.5570000
  11.6620000  -1.7860000   3.5890000  12.3530000  -0.7670000   3.4240000
  11.8500000  -2.8750000   2.8420000  11.4523114  -3.7483737   3.1568992
  12.7520000  -2.9000000   1.7070000  13.5070995  -2.1178501   1.7855198
  13.4770000  -4.3030000   1.7050000  12.8568392  -4.9650273   2.3093341
  13.6134455  -4.7374689   0.7146872  14.8690000  -4.1240000   2.3910000
  15.3960897  -3.2916006   1.9247506  14.6840000  -3.8420000   3.8560000
  14.1573530  -4.6742249   4.3230582  15.6583914  -3.7181948   4.3285828
  14.1019272  -2.9288217   3.9800850  15.7120000  -5.3310000   2.1200000
  15.8472653  -5.4463368   1.0445930  16.6845543  -5.2101278   2.5971052
  15.2188703  -6.2166437   2.5206962  12.1020000  -2.5100000   0.4030000
  12.7540000  -2.4580000  -0.6500000  10.7930000  -2.2210000   0.3830000
  10.2168125  -2.2385155   1.2123374  10.1570000  -1.8550000  -0.9090000
  10.5796814  -2.4390163  -1.7265357   8.6380000  -2.1590000  -0.8160000
   8.2428768  -1.6853949   0.0827075   8.1451178  -1.7402731  -1.6934024
   8.3680000  -3.7170000  -0.7530000   8.7129974  -4.1767968  -1.6791018
   8.9701471  -4.0814484   0.0792832   6.9280000  -4.0750000  -0.5230000
   6.0590000  -3.2040000  -0.3010000   6.6690000  -5.3100000  -0.6200000
  10.3890000  -0.3610000  -1.1480000  10.5760000   0.4390000  -0.2180000
  10.4510000   0.0010000  -2.4320000  10.2650000  -0.8170000  -3.6300000
   9.3121369  -1.3425181  -3.5668891  11.0751865  -1.5423962  -3.7041431
  10.2960000   0.2180000  -4.7730000   9.2723381   0.4258119  -5.0844957
  10.8519458  -0.2025290  -5.6109624  10.9600000   1.4330000  -4.2560000
  10.4966108   2.2953137  -4.7353585  12.0401757   1.4775502  -4.3950514
  10.6260000   1.4260000  -2.7640000  11.4653591   1.8408877  -2.2059295
   9.3360000   2.1720000  -2.3790000   8.2410000   1.5730000  -2.2400000
   9.4880000   3.4360000  -2.1730000  10.7350000   4.2240000  -2.3050000
  11.1869969   4.0424474  -3.2801091  11.4374101   3.9407458  -1.5211084
  10.2310000   5.6700000  -2.1470000  10.1197386   6.1124698  -3.1369194
  10.9664201   6.2373381  -1.5765738   8.9210000   5.6130000  -1.4230000
   8.2875084   6.4305120  -1.7671825   9.0224728   5.6642830  -0.3389461
   8.3180000   4.3010000  -1.8180000   7.8073931   3.8761892  -0.9537577
   7.3530000   4.3790000  -2.9870000   7.7550000   4.2540000  -4.1560000
   6.0950000   4.6740000  -2.7270000   5.8239225   4.8386496  -1.7680908
   5.0660000   4.7300000  -3.7540000   5.4772270   4.6622848  -4.7611773
   4.1810000   3.4880000  -3.4970000   4.8165209   2.6186716  -3.6657618
   3.8183994   3.4782929  -2.4691252   3.0290000   3.4450000  -4.4270000
   3.2610000   3.1190000  -5.7760000   4.2783226   2.8846835  -6.0894486
   2.2260000   3.0920000  -6.7010000   2.3896614   2.8407704  -7.7489506
   0.9400000   3.3690000  -6.2440000  -0.1310000   3.3540000  -7.1360000
   0.1321424   3.1418998  -8.0345373   0.6880000   3.6910000  -4.9260000
  -0.3327207   3.8824915  -4.5950005   1.7400000   3.7710000  -4.0190000
   1.5522611   4.0881781  -2.9932065   4.2960000   6.0420000  -3.6630000
   3.7010000   6.3280000  -2.6310000   4.3940000   6.8170000  -4.7400000
   5.0052212   6.5805820  -5.5085145   3.7170000   8.1170000  -4.7650000
   3.8624213   8.5423426  -3.7720068   4.3290000   9.1050000  -5.8310000
   4.3222509   8.6189288  -6.8065970   3.5110000  10.4060000  -5.9010000
   3.5176772  10.8929065  -4.9258194   3.9508581  11.0729013  -6.6425299
   2.4840564  10.1753078  -6.1843170   5.6660000   9.4270000  -5.2990000
   6.1111915  10.0318063  -5.8970086   2.2100000   7.9650000  -4.9460000
   1.4280000   8.7030000  -4.2660000   1.7740000   7.0770000  -5.8140000
   2.4137095   6.5155801  -6.3577636   0.3010000   6.8760000  -6.0180000
   0.1280118   5.8583729  -6.3681563  -0.2112715   7.0246150  -5.0674260
  -0.2580000   7.8510000  -7.0380000   0.4660000   8.7570000  -7.5290000
  -1.5150000   7.7320000  -7.3680000  -2.4050000   6.6400000  -6.8240000
  -2.5311268   6.7782772  -5.7501882  -1.9440840   5.6705580  -7.0133084
  -3.7070000   6.8250000  -7.5950000  -4.4058821   7.4153478  -7.0024189
  -4.1477849   5.8522616  -7.8131516  -3.3230000   7.5390000  -8.8660000
  -4.1324591   8.0949422  -9.3390784  -2.9032792   6.8308208  -9.5804343
  -2.2120000   8.5280000  -8.3790000  -1.4795543   8.7048278  -9.1666252
  -2.7990000   9.8410000  -7.9370000  -3.2150000  10.6280000  -8.8240000
  -2.8090000  10.1950000  -6.6610000  -2.5490399   9.5252847  -5.9510694
  -3.4040000  11.4880000  -6.2270000  -4.1881936  11.7734401  -6.9281873
  -4.0020000  11.3950000  -4.8480000  -3.2521186  11.0215174  -4.1506565
  -4.3347782  12.3825174  -4.5283626  -5.4920000  10.3770000  -4.8870000
  -2.4010000  12.6060000  -6.4380000  -1.2460000  12.3380000  -6.7340000
  -2.9740000  13.8220000  -6.3670000  -3.9523286  13.9667529  -6.1620143
  -2.1670000  14.9820000  -6.7620000  -1.2348763  14.6873521  -7.2441071
  -3.0230000  15.7630000  -7.7800000  -3.9484959  16.0965246  -7.3106196
  -2.4698480  16.6278124  -8.1463637  -3.3560000  14.8210000  -8.9680000
  -2.4488887  14.4328064  -9.4312016  -3.9849646  13.9897619  -8.6493327
  -4.1130000  15.6720000  -9.9730000  -4.8847003  16.2199142  -9.4322897
  -3.4072749  16.3772973 -10.4118703  -4.7500000  14.8550000 -11.0650000
  -5.2857763  15.5387102 -11.7234715  -3.9522953  14.3644734 -11.6228083
  -5.6920000  13.8300000 -10.5430000  -6.4314854  14.2843574 -10.0264534
  -6.0887583  13.3132699 -11.3147985  -5.1956461  13.1961027  -9.9331590
  -1.6210000  15.8580000  -5.7080000  -1.0770000  16.9580000  -6.1090000
  -1.7040000  15.4990000  -4.4460000  -2.1769180  14.6546059  -4.1571290
  -1.1270000  16.3820000  -3.3920000  -1.3277237  17.4370815  -3.5780438
  -1.7220000  16.0080000  -2.0730000  -1.5213773  14.9563355  -1.8684215
  -1.2801353  16.6211269  -1.2875503  -2.7990494  16.1733830  -2.0996874
   0.3990000  16.2170000  -3.4050000   0.9360000  15.3310000  -4.1170000
   1.0580000  17.0560000  -2.6400000   0.5758702  17.8467728  -2.2370997
   2.5270000  16.9680000  -2.4700000   2.8632753  15.9956551  -2.8299494
   3.2730000  18.0560000  -3.2360000   3.0491754  18.9974896  -2.7344035
   4.3353235  17.8342200  -3.1341054   2.9180000  18.1710000  -4.7130000
   3.3002763  17.2964785  -5.2394768   1.8335916  18.2110422  -4.8157482
   3.5360000  19.4410000  -5.3150000   3.1371436  19.6649431  -6.3043746
   3.4087541  20.3086303  -4.6676010   4.9240000  19.1630000  -5.4360000
   5.4544430  19.6616910  -4.7359737   5.5850000  18.4140000  -6.3230000
   6.8530000  17.9780000  -6.0580000   7.2957952  18.2234253  -5.1840442
   7.3415263  17.4123433  -6.7373189   5.0220000  18.1340000  -7.4950000
   4.1002749  18.4886279  -7.7065704   5.5187754  17.5680292  -8.1680453
   2.8190000  16.9400000  -0.9790000   3.2390000  17.8740000  -0.2970000
   2.5710000  15.7420000  -0.4040000   2.2625298  14.9873289  -1.0001686
   2.7360000  15.4750000   1.0190000   2.7127122  16.3875806   1.6146119
   1.5650000  14.4950000   1.4990000   1.5994523  13.5779515   0.9108372
   1.7450000  14.1530000   2.9990000   1.7101930  15.0695695   3.5878884
   0.9445558  13.4857595   3.3186560   2.7070951  13.6626696   3.1474867
   0.2100000  15.1850000   1.2140000   0.1265529  16.0121605   1.9189417
   0.2671647  15.5778175   0.1988517  -1.0260000  14.2740000   1.3430000
  -1.0840981  13.8811471   2.3580818  -1.9260005  14.8486936   1.1243094
  -0.9434849  13.4468023   0.6379928   4.0960000  14.7980000   1.2500000
   4.3530000  13.7500000   0.6400000   4.8960000  15.4240000   2.1200000
   4.6680999  16.3224221   2.5212464   6.2190000  14.8260000   2.4370000
   6.6579737  14.2730200   1.6065698   7.2200000  15.9700000   2.8990000
   6.7596584  16.4916885   3.7380632   8.6000000  15.4340000   3.3230000
   9.0611921  14.9125495   2.4842558   9.2356488  16.2656545   3.6269771
   8.4813295  14.7438681   4.1583050   7.3430000  17.0300000   1.7800000
   6.3845260  17.5487657   1.7976207   8.1254937  17.7014053   2.1335789
   7.6580000  16.5890000   0.3480000   6.8756487  15.9178908  -0.0064557
   7.7063025  17.4641850  -0.2999331   8.6166160  16.0705281   0.3295030
   6.0070000  13.7430000   3.4760000   5.4730000  13.9600000   4.5950000
   6.4610000  12.5290000   3.0980000   6.8699670  12.4271865   2.1801333
   6.3360000  11.3410000   3.9350000   6.0250241  11.6554573   4.9312479
   5.3180000  10.3210000   3.4020000   5.5890594  10.1319076   2.3633133
   5.4612880   9.4116641   3.9856753   3.8140000  10.7590000   3.4780000
   3.6910077  11.7544691   3.0513678   3.1890099  10.0511644   2.9335202
   3.4000000  10.7800000   4.9380000   3.4532709   9.7740392   5.3542979
   4.0579853  11.4412823   5.5017912   1.9900000  11.2800000   5.0670000
   1.8002640  12.2473671   5.2867738   0.9530000  10.4360000   4.9420000
   1.0080000   9.1420000   4.6850000   1.9039243   8.6925365   4.5608947
   0.1538916   8.6076627   4.6137116  -0.2570000  10.9840000   5.0450000
  -0.3461953  11.9768872   5.2072319  -1.0795427  10.4040329   4.9603808
   7.7310000  10.6910000   4.0580000   8.5890000  11.1470000   3.2960000
   7.8580000   9.8320000   5.0480000   7.0928327   9.6486491   5.6812462
   9.1520000   9.1470000   5.2910000   9.9219407   9.6128871   4.6759880
   9.5830000   9.2330000   6.7690000   8.7557717   8.8640549   7.3753597
  10.4548112   8.5960906   6.9186383   9.9220000  10.6700000   7.1870000
   8.8350000  11.5350000   7.4760000   7.8084856  11.1753731   7.4050346
   9.0920000  12.8780000   7.8600000   8.2940277  13.5658248   8.1397126
  10.4150000  13.2860000   7.9300000  10.7030000  14.6010000   8.2650000
   9.9167638  15.1283542   8.4241534  11.4920000  12.4590000   7.6260000
  12.5219394  12.8143911   7.6579763  11.2180000  11.1230000   7.2680000
  12.0375616  10.4375757   7.0521011   9.0190000   7.6890000   4.8560000
   7.9660000   7.0190000   4.8790000  10.1730000   7.1840000   4.4050000
  10.9972469   7.7640670   4.3398952  10.2610000   5.7920000   3.9370000
   9.5048096   5.2045675   4.4577671  10.0350000   5.6450000   2.3980000
   9.8251911   4.5850395   2.2546011   9.1926566   6.2339302   2.0350691
  11.2090000   5.9770000   1.5090000  12.0380000   4.9650000   0.9680000
  11.7657988   3.9251460   1.1488593  13.1720000   5.2670000   0.2240000
  13.8029810   4.4738186  -0.1770324  13.5070000   6.6340000  -0.0130000
  14.3861721   6.8836884  -0.6069799  12.7010000   7.6620000   0.5210000
  12.9460441   8.7085260   0.3397907  11.5700000   7.3260000   1.2950000
  10.9597344   8.1128096   1.7384033  11.6690000   5.3390000   4.3790000
  12.6260000   6.1510000   4.4280000  11.7410000   4.0480000   4.6040000
  10.9199596   3.4601742   4.6252819  13.0750000   3.4350000   4.9890000
  13.6703498   4.1753817   5.5233152  12.8920000   2.2090000   5.8920000
  12.3152887   2.4666125   6.7803350  12.3274892   1.5005220   5.2857933
  14.2250000   1.5730000   6.3140000  14.6360000   0.4070000   5.7030000
  14.0329272  -0.0547438   4.9212102  15.8390000  -0.1820000   6.0960000
  16.1494966  -1.1428236   5.6854981  16.6190000   0.4460000   7.0800000
  17.8250000  -0.1200000   7.4560000  18.0225648  -0.9311988   6.9821600
  16.2710000   1.6450000   7.6550000  16.8948050   2.1507107   8.3920376
  15.0480000   2.2200000   7.2530000  14.7317070   3.1757624   7.6708242
  13.8630000   3.1530000   3.7240000  13.3720000   2.4290000   2.8190000
  15.0990000   3.6790000   3.6800000  15.4475036   4.2485372   4.4378074
  15.9820000   3.4540000   2.5020000  15.4096260   3.0541032   1.6649996
  16.6010000   4.8000000   2.0770000  15.7678480   5.4247377   1.7550376
  17.1300750   5.2928959   2.8926183  17.5590000   4.6290000   0.9100000
  18.1430000   3.5460000   0.7110000  17.8350000   5.6510000   0.1530000
  18.4711181   5.5428512  -0.6240183  17.4117804   6.5474953   0.3460860
  17.0420000   2.4420000   2.9680000  17.9200000   2.8660000   3.7130000
  16.9060000   1.1730000   2.6360000  16.0994945   0.8562383   2.1170489
  17.8370000   0.1540000   3.1800000  17.8207132   0.2813007   4.2624179
  17.2780000  -1.2240000   2.8430000  17.2962819  -1.3698903   1.7629621
  17.8861529  -1.9907002   3.3230220  16.2513900  -1.2978882   3.2017642
  19.2920000   0.3660000   2.7680000  20.1700000  -0.0400000   3.6130000
  19.5140000   0.9780000   1.6200000  18.7898564   1.1758051   0.9442866
  20.9170000   1.2490000   1.2430000  21.5108944   0.3484187   1.3990192
  21.0350000   1.6590000  -0.2010000  20.5430038   0.9037769  -0.8139250
  20.5291353   2.6159963  -0.3289023  22.5260000   1.7960000  -0.6420000
  23.0989696   2.3867921   0.0726827  22.9952824   0.8198692  -0.7646572
  22.4930000   2.5180000  -1.9890000  21.6588619   2.1038169  -2.5553612
  22.3047803   3.5719254  -1.7842709  23.7630000   2.3810000  -2.7920000
  23.7295574   3.0761578  -3.6308908  24.6138758   2.6219983  -2.1547957
  23.9080000   0.9700000  -3.3130000  23.1198745   0.7466365  -3.9038187
  24.7615978   0.8945837  -3.8475869  23.9394383   0.3257312  -2.5358073
  21.5840000   2.2600000   2.1860000  22.7020000   2.0890000   2.7040000
  20.8320000   3.3250000   2.5430000  19.8905598   3.4498901   2.1992092
  21.3990000   4.3620000   3.4020000  22.4538334   4.5228729   3.1794114
  20.6290000   5.6710000   3.1170000  19.5724527   5.5283999   3.3438769
  21.0289730   6.4713274   3.7395736  20.7416304   5.9379751   2.0662203
  21.3170000   3.9700000   4.8510000  22.0520000   4.4860000   5.7140000
  20.3940000   3.0700000   5.2220000  19.7910822   2.6638066   4.5208607
  20.2230000   2.6490000   6.6110000  19.6728384   1.7080955   6.6000380
  21.2175261   2.4829662   7.0250653  19.4880000   3.6370000   7.4810000
  19.5790000   3.6160000   8.7310000  18.7780000   4.5630000   6.8440000
  18.6729494   4.4575371   5.8450299  17.9940000   5.6030000   7.5200000
  17.9082399   5.3977797   8.5870656  18.7440000   6.9750000   7.3300000
  18.9812223   7.0150927   6.2668832  18.0023333   7.7383303   7.5652815
  19.9770000   7.2220000   8.1220000  20.7506013   6.5319749   7.7850916
  20.4660000   8.6560000   7.9510000  19.6930598   9.3466440   8.2881546
  21.3692063   8.8054146   8.5426033  20.6858135   8.8425575   6.8998203
  19.6170000   6.9550000   9.5870000  19.2845517   5.9228544   9.6976929
  20.4930264   7.1231707  10.2134165  18.8169263   7.6287405   9.8936833
  16.6770000   5.8280000   6.7520000  16.6070000   5.5110000   5.5740000
  15.8040000   6.5640000   7.4270000  15.9278064   6.7954732   8.4022904
  14.5530000   7.0070000   6.7490000  14.2636894   6.3005769   5.9709480
  13.4320000   7.0730000   7.7920000  13.7635646   7.6642204   8.6455939
  12.5504032   7.5370136   7.3497573  13.0400000   5.4050000   8.3700000
  14.8090000   8.3350000   6.0710000  15.4450000   9.2300000   6.6470000
  14.3450000   8.5070000   4.8650000  13.9253194   7.6742483   4.4770669
  14.4240000   9.6960000   4.0260000  14.8482243  10.5185520   4.6017961
  15.3080000   9.4510000   2.7970000  14.8642871   8.6569924   2.1963587
  15.3556091  10.3674259   2.2087849  16.7350000   9.0380000   3.2230000
  17.2191564   9.7696113   3.8698681  16.6404127   8.0907043   3.7538353
  17.6000000   8.8240000   2.0050000  17.1870000   8.2780000   0.9850000
  18.8280000   9.3550000   2.0990000  19.4759809   9.2603889   1.3300586
  19.0991879   9.8470710   2.9383001  12.9990000  10.1340000   3.6170000
  12.0230000   9.4190000   3.9250000  12.8700000  11.2830000   2.9890000
  13.6596273  11.8938731   2.8359571  11.5410000  11.7390000   2.5540000
  10.7614575  11.2029647   3.0953677  11.3730000  13.2880000   2.8280000
  10.3901015  13.5846622   2.4619368  11.4940000  13.6450000   4.2890000
  12.4768794  13.3490402   4.6556817  11.3696440  14.7208542   4.4121766
  10.7230126  13.1233696   4.8560808  12.4810000  13.8530000   2.0130000
  12.4851517  14.8092431   2.0977476  11.3140000  11.4250000   1.0910000
  12.1840000  11.1630000   0.2350000  10.0010000  11.4350000   0.7680000
   9.3244840  11.4590534   1.5175645   9.5150000  11.2420000  -0.6000000
  10.1941812  11.7771595  -1.2636387   9.4220000   9.7880000  -1.0650000
   9.3345048   9.7800572  -2.1514533  10.2980310   9.2117476  -0.7673376
   8.2240000   9.0550000  -0.5320000   7.1350000   8.7970000  -1.3620000
   7.1925822   9.1274534  -2.3991040   5.9940000   8.1370000  -0.9020000
   5.1471573   7.9024538  -1.5469389   5.9660000   7.7730000   0.4530000
   5.0752530   7.2765394   0.8379631   7.0510000   8.0340000   1.3090000
   7.0003324   7.7367853   2.3564714   8.1940000   8.6740000   0.8180000
   9.0375833   8.8671393   1.4806948   8.1760000  12.0490000  -0.6840000
   7.6840000  12.4220000   0.4110000   7.7140000  12.2950000  -1.8800000
   8.2451644  11.9851565  -2.6812245   6.4450000  13.0340000  -2.1180000
   6.2618672  13.6563893  -1.2421044   6.4880000  13.9440000  -3.3720000
   6.7196108  13.3170560  -4.2330441   5.1640000  14.6760000  -3.6150000
   4.9319372  15.3035463  -2.7545156   5.2506250  15.2987391  -4.5053890
   4.3662500  13.9471722  -3.7582015   7.5740000  15.0360000  -3.1940000
   8.5468521  14.5631478  -3.0595693   7.5989041  15.6720322  -4.0788403
   7.3408693  15.6416677  -2.3182617   5.3180000  11.9710000  -2.2840000
   5.4160000  11.1890000  -3.2460000   4.3730000  12.0450000  -1.4020000
   4.4142273  12.7283193  -0.6593868   3.1970000  11.0900000  -1.4350000
   3.4038848  10.2176641  -2.0549419   2.9700000  10.6230000   0.0080000
   3.8019859   9.9956395   0.3278710   2.9259754  11.5141888   0.6340546
   1.6460000   9.8320000   0.1430000   1.4120000   8.7570000  -0.7140000
   2.1634198   8.4895293  -1.4569180   0.2030000   8.0110000  -0.6240000
  -0.0490274   7.1699410  -1.2699131  -0.6540000   8.3810000   0.3940000
  -1.8420000   7.6980000   0.5680000  -1.9657898   6.9919944  -0.0706171
  -0.4420000   9.4410000   1.2580000  -1.1767405   9.6929615   2.0227041
   0.7560000  10.2080000   1.1390000   0.9364718  11.0450569   1.8134373
   2.0250000  11.8710000  -2.0130000   1.8940000  13.0680000  -1.6080000
   1.2580000  11.2760000  -2.9270000   1.4297603  10.3140805  -3.1825556
   0.1340000  11.9970000  -3.5970000   0.5293414  12.9790346  -3.8566390
  -0.0717311  11.4360840  -4.5086728  -1.1440000  12.1720000  -2.8330000
  -2.0770000  12.9590000  -3.2380000  -1.3390000  11.4960000  -1.7020000
  -0.6119005  10.8477291  -1.4352220  -2.4930000  11.6200000  -0.8450000
  -2.1341426  11.7734462   0.1727302  -3.0524676  12.4976976  -1.1686392
  -3.4200000  10.4020000  -0.8680000  -4.4080000  10.4480000  -0.0860000
  -3.1530000   9.4380000  -1.6870000  -2.3926896   9.4350737  -2.3518450
  -4.0770000   8.2530000  -1.6560000  -4.4462101   8.1119393  -0.6401826
  -5.2680000   8.4460000  -2.5840000  -5.9782433   7.6320602  -2.4385498
  -5.7537003   9.3957309  -2.3599323  -4.9430000   8.4860000  -4.3330000
  -3.3230000   6.9840000  -2.0630000  -2.3180000   7.0260000  -2.7370000
  -3.9460000   5.8660000  -1.6810000  -4.7029088   5.9156383  -1.0141233
  -3.4360000   4.5500000  -2.0520000  -3.9928168   3.7782242  -1.5205715
  -3.5880000   4.3090000  -3.5800000  -3.2880146   5.1998567  -4.1317991
  -2.9710802   3.4654659  -3.8897746  -5.0850000   3.9940000  -3.8770000
  -5.4748719   3.4521131  -3.0153392  -5.6009499   4.9498028  -3.9683169
  -5.3030000   3.2070000  -5.0850000  -6.3689173   3.3487111  -5.2634301
  -4.7334089   3.7638448  -5.8290358  -5.0010000   1.8360000  -5.2180000
  -4.0975309   1.7533513  -5.6618605  -5.6370000   0.7170000  -4.8510000
  -5.3890000  -0.3840000  -5.5870000  -4.7509335  -0.3323081  -6.3682164
  -5.8422894  -1.2560169  -5.3541591  -6.4570000   0.5470000  -3.8160000
  -6.6576116   1.3232554  -3.2017666  -6.8746927  -0.3574403  -3.6498095
  -2.0470000   4.2390000  -1.5570000  -1.2680000   3.5600000  -2.2690000
  -1.7420000   4.6610000  -0.3340000  -2.4151132   5.1349109   0.2511721
  -0.4000000   4.3850000   0.2230000   0.3669000   4.8390636  -0.4045267
  -0.2780000   4.9630000   1.6450000  -1.0336818   4.5110963   2.2875169
   0.7133660   4.7453676   2.0424039  -0.4272015   6.0422688   1.6131083
  -0.1240000   2.8660000   0.3700000  -0.9900000   1.9880000   0.5820000
   1.1400000   2.5930000   0.2650000   1.6802346   3.3299358  -0.1653157
   1.8090000   1.2990000   0.5380000   1.0306149   0.5440838   0.6489838
   2.7830000   0.8390000  -0.5380000   3.5154942   1.6318636  -0.6893900
   3.2873121  -0.0562445  -0.1742602   2.0770000   0.5240000  -1.8830000
   1.2052511  -0.0972034  -1.6774251   1.7551507   1.4637977  -2.3316596
   3.0160000  -0.2150000  -2.8570000   3.9371156   0.3646024  -2.9178784
   3.2294081  -1.1905811  -2.4201958   2.4490000  -0.3970000  -4.2320000
   2.5188789   0.5652572  -4.7392263   3.0773501  -1.1244773  -4.7458600
   1.0540000  -0.8580000  -4.2470000   0.4715232  -0.1838329  -3.7712698
   0.7424881  -0.9572068  -5.2026246   0.9891010  -1.7498395  -3.7774156
   2.3900000   1.4340000   1.9510000   2.3330000   2.4920000   2.6190000
   2.8930000   0.3300000   2.5480000   2.8548527  -0.5344668   2.0270958
   3.3400000   0.2810000   3.9500000   2.6281400   0.8089221   4.5845493
   3.4380000  -1.1700000   4.4270000   4.1334237  -1.7044846   3.7798436
   3.8154586  -1.1770684   5.4495337   2.0240000  -1.8800000   4.3820000
   1.2644378  -1.3105185   4.9175902   1.6898340  -2.0589996   3.3600439
   2.2470000  -3.2120000   5.0830000   3.1459775  -3.6362806   4.6358708
   2.4413083  -2.9691485   6.1276851   1.1860000  -4.2030000   5.0250000
   1.6157855  -5.0456435   4.6709722  -0.0820000  -4.2480000   5.3900000
  -0.8320000  -5.3800000   5.2770000  -0.4173765  -6.2215572   4.9028758
  -1.7991799  -5.3724342   5.5678703  -0.6100000  -3.1800000   5.9900000
  -0.0392068  -2.3630797   6.1541229  -1.5781498  -3.1931740   6.2774217
   4.6040000   1.0400000   4.3020000   4.6690000   1.5260000   5.4560000
   5.5270000   1.2220000   3.4160000   5.3885683   0.8119077   2.5034430
   6.7870000   1.9600000   3.6710000   7.1119313   1.8177918   4.7016773
   7.8620000   1.4310000   2.7480000   7.8774133   0.3438370   2.6709392
   7.6241584   1.8603738   1.7747737   9.2610000   1.9140000   3.1700000
   9.3840000   2.4780000   4.2630000  10.2440000   1.5550000   2.3300000
  11.1964691   1.8278172   2.5261459  10.0269078   1.0136155   1.5054549
   6.4680000   3.4810000   3.4250000   6.9070000   4.0330000   2.4460000
   5.6720000   3.9900000   4.3010000   5.3551139   3.3549971   5.0196472
   5.0810000   5.3840000   4.2630000   5.8211313   6.1177655   3.9437932
   3.9330000   5.3730000   3.2480000   4.3440573   5.1061699   2.2743816
   3.2218375   4.6094542   3.5631914   3.1890000   6.7140000   3.1170000
   3.1930000   7.4770000   4.0760000   2.5720000   7.0230000   1.9900000
   2.0853127   7.9043400   1.9095320   2.5899707   6.3763989   1.2143165
   4.7320000   5.7650000   5.6840000   3.7760000   5.2170000   6.2870000
   5.4860000   6.7290000   6.2240000   6.1886903   7.1857177   5.6603204
   5.3690000   7.1170000   7.6600000   4.4631894   6.6776388   8.0778134
   6.5800000   6.6270000   8.4830000   7.4862993   7.1155544   8.1251796
   6.4360813   6.8576119   9.5385594   6.8290000   5.1310000   8.3950000
   7.6390000   4.6010000   7.3890000   8.1133491   5.2615878   6.6632476
   7.8430000   3.2070000   7.3130000   8.4439325   2.7700805   6.5154523
   7.2690000   2.3950000   8.2670000   7.4568176   1.3241846   8.1883941
   6.4710000   2.8930000   9.3090000   6.0506033   2.2410937  10.0747578
   6.2140000   4.3040000   9.3480000   5.5510663   4.7164011  10.1086209
   5.2260000   8.6340000   7.7420000   5.7630000   9.3680000   6.9050000
   4.5040000   9.0380000   8.7570000   4.0057360   8.3416657   9.2926780
   4.2500000  10.4480000   9.0470000   4.1896335  10.9855072   8.1006697
   2.9730000  10.6860000   9.8200000   2.9088313   9.9701349  10.6394625
   2.9787353  11.6988747  10.2226811   1.7670000  10.5120000   8.8960000
   1.7421370  11.3419750   8.1898667   1.8741782   9.5745069   8.3503612
   0.4770000  10.4880000   9.6930000   0.5146027   9.6878984  10.4322715
   0.3378607  11.4433214  10.1990640  -0.6830000  10.2450000   8.7430000
  -1.3405890  11.1142351   8.7326325  -0.3050176  10.0639864   7.7367880
  -1.4490000   9.0450000   9.2120000  -1.7996990   9.2126936  10.1441957
  -2.2234673   8.8744152   8.5865391  -0.8399544   8.2393471   9.2212721
   5.4410000  11.0930000   9.6970000   5.4770000  12.3520000   9.5400000
   6.3850000  10.3390000  10.2960000   6.3279396   9.3324519  10.3568629
   7.5910000  11.0200000  10.8760000   7.7658482  11.9706879  10.3722940
   7.3580000  11.2950000  12.3910000   8.2224725  11.7951023  12.8276741
   6.4704920  11.9106623  12.5372518   7.1690000  10.0280000  13.0270000
   7.0219998  10.1602865  13.9664099   8.7900000  10.1050000  10.7270000
   8.5920000   8.9090000  10.6010000   9.9760000  10.6760000  10.8360000
  10.0697244  11.6810348  10.8709289  11.1940000   9.8670000  10.7920000
  11.1503142   9.2876661   9.8697403  12.4320000  10.7210000  10.7650000
  12.4944993  11.3004022  11.6861335  13.3118349  10.0836419  10.6768782
  12.3880291  11.3986675   9.9123966  11.2330000   8.8600000  11.9520000
  11.6780000   7.7220000  11.7950000  10.7180000   9.2900000  13.1030000
  10.3502587  10.2278842  13.1753804  10.7000000   8.4400000  14.3020000
  11.7214440   8.1068726  14.4857863  10.1680000   9.1320000  15.5800000
   9.1519394   9.4817685  15.3972923  10.1620412   8.4110802  16.3975201
  11.0810000  10.3530000  15.9650000  11.1956486  10.5261495  17.0350354
  12.0588737  10.1674410  15.5206689  10.4550000  11.5780000  15.3180000
  10.5410000  11.8910000  14.1430000   9.7520000  12.1560000  16.1740000
   9.8650000   7.1850000  14.1350000  10.3640000   6.0970000  14.4770000
   8.6520000   7.3370000  13.6540000   8.3279158   8.2780788  13.4824210
   7.7310000   6.2270000  13.3950000   7.5468345   5.6919950  14.3266393
   6.4020000   6.7100000  12.8420000   6.6533808   7.3339039  11.9842991
   5.8485888   5.8340043  12.5036694   5.5530000   7.4990000  13.8050000
   5.9280000   7.6900000  14.9570000   4.4510000   7.9170000  13.3750000
   8.4170000   5.2600000  12.4030000   8.3440000   4.0080000  12.5850000
   9.0240000   5.8560000  11.3820000   8.9619459   6.8574506  11.2664782
   9.7340000   5.0800000  10.3580000   9.0735504   4.3347375   9.9147289
  10.2090000   6.0350000   9.2520000   9.3490619   6.5441561   8.8168382
  10.8908514   6.7722077   9.6759146  11.1030000   5.1690000   7.9370000
  10.8950000   4.3020000  10.9690000  11.0750000   3.0790000  10.7290000
  11.7180000   4.9920000  11.7630000  11.6574802   5.9987468  11.8168295
  12.8830000   4.3280000  12.3760000  13.3075403   3.6470444  11.6383251
  13.9820000   5.2910000  12.8440000  13.5306058   6.0130542  13.5244265
  14.7343589   4.7104990  13.3779239  14.6340000   6.0230000  11.6930000
  13.8547788   6.4240585  11.0448740  15.2321021   6.8426110  12.0912635
  15.7160000   4.9050000  10.7160000  17.2780000   5.1970000  11.5500000
  17.1862015   4.9226864  12.6009158  18.0574167   4.5938656  11.0843400
  17.5404446   6.2520554  11.4720114  12.4860000   3.3100000  13.4290000
  13.1380000   2.2510000  13.5810000  11.4520000   3.5840000  14.2180000
  11.0038870   4.4884346  14.1820539  11.0050000   2.6310000  15.2260000
  11.8571375   2.2926716  15.8154868   9.9720000   3.2860000  16.1790000
   9.1862121   3.7739316  15.6023203   9.5295522   2.5309438  16.8287924
  10.7200000   4.3550000  17.0530000  11.2422414   3.8737645  17.8799082
  11.4351515   4.9107162  16.4465019   9.6700000   5.3120000  17.6040000
   9.0249381   5.6464617  16.7915165   9.0705929   4.7966600  18.3544900
  10.2880000   6.4800000  18.2210000  11.2934889   6.5081715  18.3120928
   9.5740000   7.5430000  18.6420000  10.2050000   8.5550000  19.2730000
  11.2025354   8.5080467  19.4240581   9.6769517   9.3549167  19.5914304
   8.2740000   7.6290000  18.4150000   7.8012193   6.8879681  17.9175563
   7.7599487   8.4353147  18.7401255  10.4570000   1.3720000  14.5670000
  10.5720000   0.3100000  15.1900000   9.9860000   1.4080000  13.3410000
   9.9456871   2.3095439  12.8874663   9.4360000   0.2490000  12.6330000
   9.1550509  -0.5890969  13.2707776   8.1930000   0.6400000  11.7350000
   8.5252865   1.4243414  11.0549305   7.6160000  -0.5040000  10.9390000
   7.2830479  -1.2885877  11.6184590   6.7688652  -0.1483815  10.3524872
   8.3785446  -0.9028837  10.2700321   7.2310000   1.3090000  12.6080000
   6.4585940   1.5631182  12.0976930  10.4410000  -0.5110000  11.7700000
  10.4790000  -1.7730000  11.7750000  11.1910000   0.2370000  10.9900000
  11.0707826   1.2379474  11.0512491  12.1170000  -0.2860000  10.0010000
  11.9736644  -1.3578115   9.8639809  11.8410000   0.4360000   8.6340000
  11.9380661   1.5136640   8.7655972  12.5613493   0.0949486   7.8904404
  10.2710000  -0.0180000   7.9000000  13.5760000  -0.1840000  10.3290000
  14.3650000  -0.7800000   9.5710000  13.9390000   0.5570000  11.3580000
  13.1824994   0.9680518  11.8860554  15.3190000   0.8280000  11.7900000
  15.8761712   1.1807236  10.9221028  15.2834400   1.6154304  12.5428534
  16.0290000  -0.3850000  12.3750000  15.4430000  -1.3320000  12.9290000
  17.3080000  -0.1380000  12.6170000  17.6942959   0.7722235  12.4111652
  18.1895002  -1.1429862  13.1760729  17.8130530  -1.4560260  14.1499275
  18.2293968  -2.0038605  12.5086877  19.5941439  -0.5818330  13.3450884
  19.8459506   0.5769427  13.0221745  20.4936763  -1.2806521  13.8065376
